0.  0.
20.E-03  1.44671E-06
40.0002E-03  2.20072E-06
50.0001E-03  777.333E-09
60.0003E-03  2.3139E-06 
80.0001E-03  2.22762E-06
100.E-03  1.46844E-06
120.E-03  5.01352E-09
140.E-03  1.40632E-06
150.E-03  2.00423E-06
160.E-03  2.29059E-06
180.E-03  2.4558E-06 
200.E-03  2.01303E-06
220.E-03  1.07096E-06
240.E-03  385.034E-09
250.E-03  2.8175E-06 
260.E-03  1.53275E-06
280.E-03  2.49603E-06
300.E-03  3.2132E-06 
300.E-03  3.21325E-06
320.E-03  2.9572E-06 
340.E-03  1.77378E-06
350.E-03  2.34846E-06
360.E-03  444.336E-09
380.E-03  507.873E-09
400.E-03  1.27408E-06
420.E-03  2.18569E-06
440.E-03  3.02105E-06
450.E-03  377.787E-09
460.E-03  3.13971E-06
480.E-03  2.27176E-06
500.E-03  917.582E-09
520.E-03  883.059E-09
540.E-03  2.44234E-06
550.E-03  808.073E-09
560.E-03  3.11261E-06
580.E-03  2.51794E-06
600.E-03  1.02798E-06
620.E-03  915.437E-09
640.E-03  2.37729E-06
650.E-03  993.817E-09
660.E-03  2.8851E-06 
680.E-03  2.18249E-06
700.E-03  584.016E-09
720.E-03  1.18743E-06
740.E-03  2.46756E-06
750.E-03  101.275E-09
760.E-03  2.61241E-06
780.E-03  1.64995E-06
800.E-03  111.289E-09
820.E-03  1.90185E-06
840.E-03  3.00019E-06
850.E-03  6.95776E-09
860.E-03  2.9795E-06 
880.E-03  1.80251E-06
900.E-03  21.5365E-09 
920.E-03  1.69716E-06
940.E-03  2.58838E-06
950.E-03  326.806E-09
960.E-03  2.3271E-06 
980.E-03  1.01674E-06
1.  801.71E-09




